0
0
100
1
644
269
0
132618
65
166
2079
132618
783
94
2391
132618
518
113
1469
132618
758
463
1515
132618
49
53
1968
132618
49
53
1141
132618
49
53
1031
132618
242
397
1562
132618
68
182
1985
132618
646
231
2547
132618
759
443
9922
132618
759
443
1641
132618
759
443
1829
132618
760
443
1484
132618
761
443
1515
132618
761
443
1609
132618
761
443
1531
132618
761
443
1609
132618
761
443
1641
132618
761
443
1859
132618
761
443
1563
132618
761
443
1687
132618
761
443
1578
132618
761
443
1516
132618
761
442
1656
132618
761
442
2422
132618
761
442
1516
132618
761
442
1688
132618
761
442
1610
132618
761
442
1891
132618
761
442
1984
132618
173
59
4766
132618
781
203
3109
132618
751
106
2031
132618
667
60
2640
132618
357
56
4438
132618
357
56
1422
132618
185
54
1609
132618
449
152
1812
132618
784
96
5984
132618
784
96
859
132618
784
96
687
132618
150
475
2266
132618
150
475
1859
132618
150
475
1734
132618
73
56
4546
132618
534
353
1391
132618
