7
1000
100
1
374
253
0
66638
212
561
3406
66638
205
295
8078
66638
983
274
4547
66638
509
438
859
66638
667
189
719
66638
794
603
1516
66638
532
468
1015
66638
94
75
3484
66638
373
254
7640
66638
966
564
2703
66638
348
467
1593
66638
985
565
1484
66638
746
288
1969
66638
977
565
2562
66638
947
584
1796
66638
373
253
3125
66638
373
253
906
66638
965
508
1281
66638
373
253
2015
66638
816
567
1375
66638
627
440
1453
66638
69
526
2360
66638
345
470
1328
66638
339
402
1875
66638
409
309
1594
66638
980
580
1234
66638
259
68
158125
66638
414
446
1422
66638
564
63
5000
66638
