0
0
100
1
763
268
0
1442576
303
193
6078
1442576
303
193
843
1442576
303
193
1235
1442576
303
193
1078
1442576
303
193
1735
1442576
205
347
2781
1442576
79
149
2000
1442576
710
148
1266
1442576
231
425
1157
1442576
620
363
1718
1442576
253
329
1547
1442576
263
326
906
1442576
263
326
672
1442576
263
326
719
1442576
263
326
719
1442576
199
347
2125
1442576
56
141
1312
1442576
730
147
1062
1442576
246
423
1421
1442576
622
368
1094
1442576
74
366
1547
1442576
307
207
922
1442576
307
207
735
1442576
307
207
656
1442576
307
207
719
1442576
252
285
1703
1442576
709
168
3078
1442576
609
361
1234
1442576
270
326
938
1442576
292
323
703
1442576
292
323
610
1442576
292
323
609
1442576
293
323
907
1442576
253
297
1234
1442576
699
184
1625
1442576
609
369
1156
1442576
66
64
2719
1442576
